21
2
7.5
90
6.84821  1 7 12 13 14 21
7.36313  1 10 11 21

real	0m0,020s
user	0m0,019s
sys	0m0,000s
21
2
10
120
9.45814  1 5 6 12 13 21
9.90261  1 7 10 11 14 21

real	0m0,103s
user	0m0,102s
sys	0m0,001s
21
2
11.5
140
11.2732  1 5 6 7 12 13 14 21
11.0084  1 9 10 11 21

real	0m0,215s
user	0m0,211s
sys	0m0,004s
21
2
12.5
150
11.9704  1 5 6 7 11 13 14 21
12.2968  1 8 9 10 21

real	0m0,428s
user	0m0,428s
sys	0m0,000s
21
2
13.5
170
13.463  1 2 3 5 6 7 21
12.6318  1 9 10 11 13 14 21

real	0m0,763s
user	0m0,759s
sys	0m0,004s
21
2
15
200
14.3173  1 2 3 5 6 12 13 21
14.3804  1 7 8 9 10 11 14 21

real	0m1,594s
user	0m1,590s
sys	0m0,004s
21
2
16
200
15.3586  1 2 8 9 10 11 12 13 21
14.9667  1 3 5 6 7 14 21

real	0m2,488s
user	0m2,488s
sys	0m0,000s
21
2
17.5
230
16.9735  1 2 8 9 10 11 12 13 14 21
16.896  1 3 4 5 6 7 21

real	0m4,754s
user	0m4,754s
sys	0m0,001s
21
2
19
230
18.7251  1 2 4 5 6 7 12 13 21
17.6289  1 3 8 9 10 11 14 21

real	0m8,893s
user	0m8,889s
sys	0m0,000s
21
2
20
230
19.4223  1 2 4 5 6 7 11 13 21
19.0888  1 3 8 9 10 12 14 21

real	0m13,571s
user	0m13,571s
sys	0m0,000s
21
2
22.5
240
22.4823  1 2 5 6 7 8 9 10 11 14 21
22.1092  1 3 4 20 21

real	0m34,171s
user	0m34,170s
sys	0m0,001s
21
3
5
70
4.96569  1 7 12 21
4.5208  1 11 21
4.29402  1 13 14 21

real	0m0,018s
user	0m0,018s
sys	0m0,000s
21
3
6.7
70
6.49841  1 7 13 14 21
4.5208  1 11 21
3.99074  1 12 21

real	0m0,069s
user	0m0,065s
sys	0m0,004s
21
3
7.7
105
7.3753  1 6 21
7.12691  1 7 11 12 13 21
7.6011  1 10 14 21

real	0m0,188s
user	0m0,188s
sys	0m0,001s
21
3
8.3
105
8.29767  1 6 12 13 21
7.12946  1 7 11 14 21
7.03771  1 10 21

real	0m0,356s
user	0m0,356s
sys	0m0,000s
21
3
9
120
8.60363  1 5 7 21
8.29767  1 6 12 13 21
8.57064  1 10 11 14 21

real	0m0,686s
user	0m0,682s
sys	0m0,004s
21
3
10
120
9.43247  1 5 12 13 21
8.94123  1 6 11 21
8.93307  1 7 10 14 21

real	0m1,817s
user	0m1,817s
sys	0m0,001s
21
3
10.7
145
10.64  1 2 11 13 21
10.0408  1 6 7 12 14 21
10.683  1 9 10 21

real	0m3,590s
user	0m3,586s
sys	0m0,004s
21
3
11.7
160
11.6867  1 2 6 7 21
11.2602  1 5 11 12 13 21
11.2464  1 9 10 14 21

real	0m8,784s
user	0m8,781s
sys	0m0,004s
21
3
12.7
200
12.1656  1 2 12 13 14 21
12.6472  1 3 5 6 7 21
12.6222  1 8 9 10 11 21

real	0m23,797s
user	0m23,797s
sys	0m0,001s
21
3
13.3
200
13.0676  1 2 5 6 7 12 21
12.6471  1 3 11 13 21
12.8602  1 8 9 10 14 21

real	0m36,272s
user	0m36,268s
sys	0m0,004s
21
3
15
200
14.356  1 2 6 7 12 13 14 21
14.9297  1 3 8 11 21
14.8051  1 5 9 10 21

real	2m1,918s
user	2m1,889s
sys	0m0,016s
21
4
3.8
10
2.67915  1 13 21

real	0m0,011s
user	0m0,011s
sys	0m0,001s
21
4
5
70
4.17886  1 7 21
4.5208  1 11 21
3.99074  1 12 21
4.29402  1 13 14 21

real	0m0,044s
user	0m0,044s
sys	0m0,000s
21
4
5.8
70
4.17886  1 7 21
5.72831  1 11 14 21
3.99074  1 12 21
2.67915  1 13 21

real	0m0,131s
user	0m0,131s
sys	0m0,000s
21
4
6.2
70
4.17886  1 7 21
5.72831  1 11 14 21
3.99074  1 12 21
2.67915  1 13 21

real	0m0,190s
user	0m0,190s
sys	0m0,000s
21
4
6.8
70
6.49833  1 7 14 21
4.5208  1 11 21
3.99074  1 12 21
2.67915  1 13 21

real	0m0,333s
user	0m0,330s
sys	0m0,004s
21
4
7.5
105
7.3753  1 6 21
6.84821  1 7 12 13 14 21
7.03771  1 10 21
4.5208  1 11 21

real	0m0,831s
user	0m0,828s
sys	0m0,004s
21
4
8
105
7.3753  1 6 21
6.84821  1 7 12 13 14 21
7.03771  1 10 21
4.5208  1 11 21

real	0m1,757s
user	0m1,757s
sys	0m0,000s
21
4
8.8
120
8.52574  1 5 21
8.29767  1 6 12 13 21
7.12946  1 7 11 14 21
7.03771  1 10 21

real	0m4,459s
user	0m4,460s
sys	0m0,000s
21
4
9.5
120
9.43247  1 5 12 13 21
8.94123  1 6 11 21
6.49833  1 7 14 21
7.03771  1 10 21

real	0m10,778s
user	0m10,774s
sys	0m0,004s
21
4
10
120
9.43247  1 5 12 13 21
8.94123  1 6 11 21
6.49833  1 7 14 21
7.03771  1 10 21

real	0m18,214s
user	0m18,211s
sys	0m0,004s
21
4
11.2
180
10.5716  1 2 7 21
11.073  1 5 6 12 13 14 21
11.1306  1 8 11 21
10.683  1 9 10 21

real	1m18,209s
user	1m18,205s
sys	0m0,000s
